0002940701
0007422201
0017540101
0045940301
0061940901
0067540201
0081341101
0101640401
0101640801
0103861101
0112800201
0112810201
0126700501
0140950101
0148300101
0148450701
0148961301
0151790701
0152680501
0156960201
0203361001
0203542001
0203542101
0203910101
0204500201
0206190201
0207010201
0207130401
0300572801
0302111601
0302450201
0302883001
0304160301
0305750401
0402781401
0404420101
0405320501
0406950238
0407030101
0411081301
0502510401
0505380301
0552002601
0552170301
0600450601
0601210401
0602730701
0603510901
0604300601
0605580901
0650382801
0652250501
0653280101
0655343845
0655343855
0670900201
0673020401
0673800601
0674110201
0677600140
0677681238
0677690141
0677730136
0677750131
0677980801
0690744401
0693800101
0694641001
0723610201
0724270101
0742050101
0743630601
0743700201
0745060401
0747410145
0747440139
0761120701
0761290701
0761510401
0783890101
0801681701
0802570201
0804270901
0804620201
0804980201
0810210101
0820911101
0827050501
0827060201
0827220201
0827240201
0831800901
0841640101
0845280301
0863020201
0864050501
0864550701
0865210401
0865260701
0881560701
